LOOKBACK SWEEP — v2b/v2d adaptive switching (MNQ)
======================================================================
   final   max_dd  sigma  sharpe  n_days  window  v2b_picked_pct  avg_per_day    ann_$
 -3477.5 -12972.0 214.02   -0.19    1325       3           56.30        -2.62  -661.38
 -6945.0 -19417.0 214.72   -0.39    1325       5           56.98        -5.24 -1320.86
-12878.5 -20084.0 214.67   -0.72    1325       7           55.92        -9.72 -2449.34
-13613.0 -22993.5 214.07   -0.76    1325      10           55.32       -10.27 -2589.04
    15.0 -11756.0 215.04    0.00    1325      15           58.87         0.01     2.85
-12957.5 -21977.5 215.17   -0.72    1325      20           57.13        -9.78 -2464.37
  3522.0  -5198.5 215.07    0.20    1325      30           57.89         2.66   669.84
  5159.0  -4939.0 214.59    0.29    1325      45           61.51         3.89   981.18
  6998.5  -7550.0 214.24    0.39    1325      60           64.00         5.28  1331.04
  5168.0  -7787.5 214.28    0.29    1325      90           69.66         3.90   982.90
  6617.0 -11965.5 214.47    0.37    1325     120           74.87         4.99  1258.48
 10032.5  -7207.5 214.39    0.56    1325     180           73.36         7.57  1908.07
 12642.5  -5963.5 214.04    0.71    1325     250           73.21         9.54  2404.46

Best by Sharpe: window=250 (0.71)
Best by Final:  window=250 ($+12,642)

WALK-FORWARD STRESS TEST
======================================================================
 split              train_dates               test_dates  best_w_train  oos_final  oos_sharpe  oos_max_dd  oracle_w_test  oracle_sharpe_test
     1 2021-03-04 -> 2022-06-14 2022-06-15 -> 2023-09-25           120     2136.0        0.56     -1779.0             90                0.65
     2 2021-03-04 -> 2023-09-25 2023-09-26 -> 2025-01-07            90    -4669.5       -1.19     -7787.5            250                1.01
     3 2021-03-04 -> 2025-01-07 2025-01-08 -> 2026-04-22           250    10916.0        2.01     -3529.5            120                2.21