                config   final   annual  max_dd  sigma  sharpe  calmar  v2b_pct
   BASELINE: v2b alone 15877.0  3019.63  4713.5 214.07    0.89    0.64      NaN
   BASELINE: v2d alone -7757.5 -1475.39 11089.5 213.40   -0.44   -0.13      NaN
BASELINE: 1:1 parallel  8119.5  1544.24   595.0  58.33    1.67    2.60      NaN
           SIGN  N= 20 -8658.5 -1646.75 18506.5 215.08   -0.48   -0.09     58.9
           SIGN  N= 40  6389.0  1215.12  6246.5 214.78    0.36    0.19     62.0
           SIGN  N= 60  9403.5  1788.44  6249.5 214.10    0.53    0.29     64.9
           SIGN  N= 90  7629.0  1450.95  7527.5 214.35    0.43    0.19     68.1
           SIGN  N=120  9144.0  1739.09  9462.5 214.38    0.51    0.18     68.7
           SIGN  N=180  8610.5  1637.62  6165.5 214.44    0.48    0.27     63.4
           SIGN  N=250  8698.5  1654.36  5951.0 214.32    0.49    0.28     60.2
    GRAD  N= 30 EMA= 3  2055.5   390.93 11411.0 214.15    0.11    0.03     48.7
    GRAD  N= 30 EMA= 5  6815.5  1296.23  8663.0 213.90    0.38    0.15     48.8
    GRAD  N= 30 EMA=10  -978.0  -186.00 12316.5 214.25   -0.05   -0.02     47.7
    GRAD  N= 30 EMA=20  6008.5  1142.75  9810.0 214.60    0.34    0.12     49.1
    GRAD  N= 60 EMA= 3  2906.5   552.78  6488.0 213.84    0.16    0.09     48.7
    GRAD  N= 60 EMA= 5 -2135.0  -406.05  8262.5 214.06   -0.12   -0.05     49.1
    GRAD  N= 60 EMA=10 -1287.0  -244.77  8173.5 214.18   -0.07   -0.03     48.3
    GRAD  N= 60 EMA=20  2011.5   382.56  7295.0 214.28    0.11    0.05     49.6
    GRAD  N= 90 EMA= 3 -2336.5  -444.38 14702.0 214.43   -0.13   -0.03     47.2
    GRAD  N= 90 EMA= 5  1700.0   323.32 13553.5 214.18    0.10    0.02     47.7
    GRAD  N= 90 EMA=10 -4097.5  -779.30 12848.0 214.30   -0.23   -0.06     47.7
    GRAD  N= 90 EMA=20 -4221.5  -802.88 12802.0 214.31   -0.24   -0.06     47.4

YEAR-BY-YEAR
      v2b alone  1:1 parallel  SIGN N=60  SIGN N=90  SIGN N=120  GRAD N=60 S=5  GRAD N=60 S=10  GRAD N=90 S=10
Date                                                                                                          
2021       2992           880       1338       2118        2694           -216            -706           -1016
2022       -458          2201       3828        402       -4678          -2640           -1048           -7514
2023         12           917      -1086        501        -105            -70             252             309
2024       3516          1267       -674      -3595        -372          -1324           -2858            -944
2025       5029          2182       1825       4614        6818           1288             731            2349
2026       4786           672       4172       3590        4786            828            2340            2718